6
C_mon_8672_Cluster14_size_47 0.0000000 0.0642140 0.3410375 0.3217859 0.0639065 0.3668329 
C_mon_8672_Cluster15_size_25 0.0642140 0.0000000 0.3410103 0.3217629 0.0313517 0.3667988 
C_mon_8672_Cluster2_size_21  0.3410375 0.3410103 0.0000000 0.0953753 0.2949318 0.0624330 
C_mon_8672_Cluster10_size_15 0.3217859 0.3217629 0.0953753 0.0000000 0.2759946 0.0304937 
C_mon_8672_Cluster17_size_7  0.0639065 0.0313517 0.2949318 0.2759946 0.0000000 0.3190988 
C_mon_8672_Cluster9_size_4   0.3668329 0.3667988 0.0624330 0.0304937 0.3190988 0.0000000 
